14761.000000
27515.000000
27116.000000
26740.000000
27764.000000
30941.000000
37368.000000
64229.000000
100161.000000
103892.000000
102473.000000
105365.000000
115528.000000
134538.000000
158537.000000
340815.000000
375815.000000
428021.000000
430909.000000
420453.000000
444365.000000
459744.000000
510456.000000
638266.000000
1247000.000000
1685060.000000
1773710.000000
1674879.000000
1670441.000000
1648852.000000
1733159.000000
1886507.000000
2078044.000000
2531094.000000
4645727.000000
6373637.000000
6637157.000000
7522197.000000
8688127.000000
6914059.000000
6676284.000000
7146572.000000
7834536.000000
8367455.000000
9932566.000000
